Neurons = 10; 1;
L2Neuron0 = -0.38016; 0.24184; -0.27749; -0.06966; -0.20827; 0.12244; 0.21463; 0.09196; -0.46137; 0.32821; 0.29598;
L1Neuron9 = 0.48253; 0.04964; 0.20562; -0.44587; 0.17588; 0.38183; 0.42445; 0.01948; 0.15185;
L1Neuron8 = 0.47358; -0.23946; -0.3821; -0.12212; 0.11638; 0.19632; 0.03549; -0.18433; 0.12528;
L1Neuron5 = -0.43107; -0.17952; -0.17796; -0.22369; -0.17698; 0.38903; -0.32361; 0.27642; -0.453;
L1Neuron4 = -0.4486; -0.00043; 0.22585; 0.36858; -0.263; -0.08642; 0.39547; -0.16707; -0.3139;
L1Neuron7 = 0.15791; 0.0884; 0.17336; -0.38206; -0.29651; 0.32678; 0.21106; -0.42026; -0.40603;
L1Neuron6 = -0.457; 0.29671; 0.47614; -0.18598; -0.20696; -0.46296; 0.43241; 0.21154; -0.2997;
L1Neuron1 = -0.45572; 0.39179; -0.2032; -0.24473; -0.03268; -0.03237; 0.3478; -0.38982; -0.31932;
L1Neuron0 = -0.4911; -0.22618; 0.30592; -0.41518; -0.19574; 0.00621; 0.20132; -0.16584; 0.10887;
L1Neuron3 = 0.43222; -0.07459; 0.47435; 0.0036; -0.40346; -0.25418; -0.40039; -0.28731; 0.33792;
L1Neuron2 = 0.42954; -0.03448; -0.19644; -0.10396; 0.17288; -0.30799; 0.15767; 0.43347; -0.03312;
