Neurons = 10; 1;
L2Neuron0 = -0.06661; 0.42228; -0.18295; 0.29595; 0.27258; 0.17533; 0.00536; -0.25527; -0.38444; 0.17586; -0.14172;
L1Neuron9 = -0.06742; -0.13273; 0.32189; -0.30689; 0.05293; -0.37478; 0.16523; 0.42426; 0.05658;
L1Neuron8 = -0.17906; -0.05565; 0.27059; 0.46968; 0.20036; -0.35369; 0.33651; 0.08052; 0.06954;
L1Neuron5 = 0.00116; -0.47434; 0.11599; -0.14744; 0.21864; -0.2022; 0.33628; -0.47947; 0.19975;
L1Neuron4 = 0.20258; -0.08035; -0.23962; -0.2068; -0.4417; -0.25745; -0.26245; -0.3203; -0.30074;
L1Neuron7 = -0.17412; 0.12704; 0.38923; 0.06635; 0.27969; -0.17446; -0.48717; 0.25583; -0.11302;
L1Neuron6 = 0.40269; 0.00728; 0.32468; 0.10271; -0.26858; 0.05585; 0.04035; 0.22217; 0.31641;
L1Neuron1 = -0.35875; 0.03026; -0.31959; 0.03979; -0.02615; 0.00538; -0.15533; 0.26368; 0.0749;
L1Neuron0 = -0.144; 0.41847; -0.19741; -0.03426; -0.26215; -0.42083; 0.29131; -0.00339; 0.33901;
L1Neuron3 = -0.24427; -0.40201; -0.48699; 0.40598; -0.22366; -0.12587; -0.17053; -0.06123; -0.3701;
L1Neuron2 = 0.4743; 0.35561; 0.07844; -0.30138; -0.13243; -0.29252; -0.28468; -0.24274; 0.26346;
