Neurons = 10; 1;
L2Neuron0 = -0.14733; -0.20454; 0.31676; -0.02828; 0.24397; -0.39972; 0.23694; 0.315; -0.34306; -0.3445; 0.07104;
L1Neuron9 = -0.10034; 0.10284; 0.3534; 0.20404; 0.32294; 0.33775; 0.18522; 0.2981; -0.37886;
L1Neuron8 = -0.34215; -0.02207; 0.10522; -0.42279; 0.07141; -0.34349; 0.40999; -0.33399; -0.41428;
L1Neuron5 = -0.48962; -0.45042; 0.06666; 0.06243; 0.22242; 0.09112; 0.43835; 0.26193; -0.27566;
L1Neuron4 = -0.48928; 0.36089; 0.25203; -0.16036; 0.29348; 0.09489; 0.40151; 0.35181; 0.43746;
L1Neuron7 = -0.31388; 0.33849; 0.27388; 0.2308; -0.19262; 0.09142; -0.19094; -0.14988; -0.01824;
L1Neuron6 = 0.3616; 0.27923; 0.06577; -0.24789; 0.1779; -0.22595; 0.18554; -0.18177; 0.33518;
L1Neuron1 = -0.25061; -0.12196; 0.48077; 0.03409; 0.27094; -0.26514; -0.06815; 0.05121; -0.37881;
L1Neuron0 = -0.45676; -0.17117; 0.26625; -0.48558; -0.04309; 0.36969; -0.20809; -0.21406; -0.15939;
L1Neuron3 = 0.10363; -0.35331; -0.38828; -0.13561; 0.38673; 0.0487; 0.07719; 0.35828; -0.26655;
L1Neuron2 = -0.35098; -0.17875; -0.36043; -0.44695; 0.42143; -0.29185; -0.01281; -0.39481; 0.10154;
