Neurons = 10; 1;
L2Neuron0 = -0.16627; 0.33894; -0.11391; -0.46344; 0.46371; 0.18658; -0.26955; -0.2893; 0.37762; 0.42259; 0.39536;
L1Neuron9 = -0.43212; 0.18329; 0.08438; 0.11905; -0.40034; 0.27181; 0.08665; 0.2207; 0.20491;
L1Neuron8 = 0.08897; 0.27727; -0.43239; -0.49342; -0.39606; -0.33239; -0.47936; -0.19575; 0.28653;
L1Neuron5 = -0.16251; 0.29154; -0.17118; -0.44775; -0.34275; 0.41316; 0.47418; -0.49059; -0.15562;
L1Neuron4 = -0.24242; 0.49386; -0.4849; -0.26501; 0.29633; 0.45484; -0.09369; -0.25672; 0.41649;
L1Neuron7 = -0.0693; 0.10706; -0.28978; 0.23735; -0.08867; 0.38328; 0.11027; -0.45038; 0.48806;
L1Neuron6 = -0.43635; -0.45146; 0.10052; -0.47034; -0.35723; 0.37625; -0.25255; -0.4196; -0.2752;
L1Neuron1 = 0.06985; 0.26852; 0.00046; 0.05128; 0.34448; -0.11982; 0.39345; -0.0719; 0.22324;
L1Neuron0 = 0.46728; 0.32607; 0.36251; -0.444; 0.38067; -0.42062; 0.08128; 0.33472; 0.21774;
L1Neuron3 = -0.35799; 0.22346; 0.44698; 0.30641; 0.37936; -0.45608; 0.29292; 0.20604; 0.28342;
L1Neuron2 = -0.06177; 0.27842; 0.38589; 0.12881; -0.33705; 0.14256; -0.25648; -0.15608; -0.01829;
