Neurons = 10; 1;
L2Neuron0 = -0.43913; -0.14674; -0.48882; -0.15217; 0.20263; 0.13488; -0.1338; -0.13298; 0.1974; 0.27193; 0.03761;
L1Neuron9 = -0.16413; -0.03196; -0.14501; -0.32854; -0.36381; -0.0426; 0.14944; 0.4183; -0.35149;
L1Neuron8 = -0.09667; -0.37803; -0.30619; -0.37946; -0.48675; -0.30862; 0.43864; -0.0534; 0.3967;
L1Neuron5 = 0.05812; 0.27726; 0.11144; 0.39729; -0.38252; -0.0579; 0.24008; -0.26012; 0.39408;
L1Neuron4 = 0.42878; -0.27509; 0.30422; -0.25479; 0.25256; 0.19731; -0.45237; 0.1621; 0.16768;
L1Neuron7 = -0.06184; -0.1352; -0.12172; -0.4397; 0.26192; -0.32844; 0.3136; -0.04409; -0.21074;
L1Neuron6 = 0.34972; -0.31079; -0.42011; 0.44767; 0.44382; 0.38688; 0.12668; 0.40682; -0.3766;
L1Neuron1 = 0.11066; 0.21226; -0.27773; -0.47107; 0.00045; -0.13389; -0.44638; -0.13922; -0.47885;
L1Neuron0 = -0.29968; 0.17116; -0.1221; 0.38709; 0.42237; 0.21381; 0.07841; -0.31799; -0.05556;
L1Neuron3 = 0.4157; 0.4799; -0.14923; 0.10016; 0.18859; -0.06251; 0.16092; -0.15447; 0.39991;
L1Neuron2 = -0.04944; 0.32413; 0.21845; 0.24505; -0.31375; 0.25552; -0.3383; 0.43662; 0.02951;
