Neurons = 10; 1;
L2Neuron0 = 0.11065; -0.18381; -0.30914; 0.00222; -0.49394; -0.29282; -0.33857; -0.11229; -0.38851; 0.39349; 0.26491;
L1Neuron9 = 0.43874; -0.16333; -0.39749; 0.48932; 0.2464; -0.2383; -0.47277; 0.34683; 0.47184;
L1Neuron8 = 0.30443; -0.11444; 0.47584; 0.23114; -0.21541; -0.31688; -0.08459; -0.03978; -0.06249;
L1Neuron5 = 0.21607; 0.05117; -0.0993; 0.17053; -0.2345; 0.25814; -0.13227; 0.12107; 0.0203;
L1Neuron4 = -0.0186; 0.13022; 0.40197; 0.06164; 0.41574; -0.02787; -0.45087; 0.47428; -0.25336;
L1Neuron7 = 0.3665; 0.41147; 0.15305; 0.34712; -0.43924; -0.03982; 0.01653; -0.43406; 0.12593;
L1Neuron6 = -0.12224; -0.45316; 0.26007; -0.35551; 0.39861; 0.19042; 0.27733; -0.21847; 0.49527;
L1Neuron1 = 0.2874; 0.4651; 0.46897; -0.19398; 0.05096; 0.01982; 0.25866; 0.44026; -0.37243;
L1Neuron0 = 0.43966; -0.11939; 0.18099; 0.40212; -0.38891; -0.21301; -0.21236; -0.44486; -0.39285;
L1Neuron3 = 0.29091; 0.48622; -0.10177; -0.17678; -0.148; 0.18492; -0.26854; -0.22811; 0.27066;
L1Neuron2 = -0.27486; -0.19064; 0.48552; 0.19197; 0.00451; 0.31972; 0.08769; -0.02829; -0.42781;
