Neurons = 10; 1;
L2Neuron0 = 0.28274; 0.21099; -0.00596; -0.08778; 0.24992; 0.29945; -0.16949; 0.45873; -0.38616; 0.1811; -0.37449;
L1Neuron9 = -0.26585; 0.05089; -0.45585; -0.18668; -0.37646; -0.16414; 0.02118; -0.03382; -0.25502;
L1Neuron8 = -0.06758; 0.18302; 0.24612; 0.0982; 0.48556; 0.02547; 0.26252; -0.00014; 0.01318;
L1Neuron5 = -0.11474; 0.13435; -0.12016; -0.27959; -0.07905; 0.29337; -0.2462; -0.17788; -0.05848;
L1Neuron4 = 0.2098; -0.49835; -0.49392; 0.26181; 0.02954; 0.08609; 0.4817; 0.32859; -0.23522;
L1Neuron7 = -0.42302; 0.26245; 0.4685; -0.02867; 0.39029; 0.43152; -0.16503; -0.3821; 0.26637;
L1Neuron6 = -0.24256; 0.13947; -0.44859; 0.40541; 0.05185; -0.34291; 0.43068; -0.00808; -0.44151;
L1Neuron1 = -0.45942; 0.22554; -0.43895; 0.2834; 0.05487; 0.01227; -0.41989; -0.17183; -0.28863;
L1Neuron0 = 0.24289; 0.27616; 0.36867; -0.39255; 0.18835; -0.16298; 0.12033; -0.22744; -0.15552;
L1Neuron3 = -0.0072; 0.18366; -0.14222; -0.07043; -0.13668; 0.15916; 0.49342; 0.14916; -0.06812;
L1Neuron2 = 0.38126; -0.13057; -0.10645; -0.13546; 0.33006; -0.07999; -0.27911; -0.35718; -0.16568;
