Neurons = 10; 1;
L2Neuron0 = 0.37332; 0.43295; 0.37555; -0.02309; 0.28637; 0.46556; 0.48352; -0.43568; -0.11426; -0.3237; 0.22713;
L1Neuron9 = -0.18074; 0.35888; -0.3876; -0.1517; 0.22506; -0.1437; -0.36373; 0.20048; -0.07798;
L1Neuron8 = 0.07144; 0.29009; 0.49319; 0.29502; -0.09555; -0.41035; 0.4088; 0.29609; 0.31283;
L1Neuron5 = 0.13537; -0.45779; 0.40883; 0.2949; -0.31098; 0.38524; -0.05079; -0.06897; -0.11512;
L1Neuron4 = 0.37363; -0.28667; 0.14384; -0.34057; -0.19866; 0.00914; 0.43838; -0.00415; -0.10892;
L1Neuron7 = 0.12747; -0.30903; -0.45822; 0.39352; -0.05409; 0.14356; -0.49148; -0.13049; -0.44873;
L1Neuron6 = -0.37861; 0.21211; -0.02036; -0.09317; -0.12635; -0.14101; -0.38003; 0.45066; 0.19646;
L1Neuron1 = 0.34111; 0.23087; -0.13921; -0.24388; 0.00215; -0.41614; 0.40607; -0.02821; -0.27592;
L1Neuron0 = -0.4891; -0.47306; 0.17675; -0.29047; -0.20901; 0.13575; 0.00622; -0.09273; -0.08241;
L1Neuron3 = 0.46103; -0.08307; -0.02517; -0.23352; -0.00453; 0.21258; 0.11139; -0.4244; -0.24702;
L1Neuron2 = 0.28394; -0.11694; 0.2936; 0.26312; -0.47488; 0.17938; 0.45059; -0.25449; 0.35485;
