Neurons = 10; 1;
L2Neuron0 = -0.34582; 0.05906; -0.4645; 0.19472; 0.41958; -0.23752; -0.36846; -0.12085; -0.07025; 0.32181; 0.49705;
L1Neuron9 = 0.24515; 0.38436; -0.44709; -0.40377; 0.39464; -0.25333; 0.40399; 0.28942; 0.44088;
L1Neuron8 = -0.25763; 0.18248; 0.3728; -0.04005; -0.13141; -0.41355; -0.37874; -0.35256; -0.31643;
L1Neuron5 = -0.0952; -0.09642; 0.20649; 0.17568; 0.00717; -0.0492; -0.32941; -0.05649; -0.0631;
L1Neuron4 = 0.23794; 0.2675; -0.41669; -0.07473; -0.08901; 0.16053; -0.32565; 0.16313; -0.45814;
L1Neuron7 = 0.16325; 0.18609; 0.43084; 0.10666; 0.37125; 0.40141; -0.45432; -0.02264; 0.23145;
L1Neuron6 = 0.41347; -0.43633; -0.46849; -0.24709; -0.1162; 0.15327; -0.14636; -0.43655; -0.14613;
L1Neuron1 = -0.21979; -0.09137; -0.24993; -0.35933; -0.14747; -0.44035; -0.36609; -0.34323; 0.46369;
L1Neuron0 = -0.19247; -0.40995; -0.41008; 0.33056; -0.20773; -0.4651; -0.3257; -0.22681; 0.37534;
L1Neuron3 = -0.066; 0.20007; 0.39881; 0.1351; -0.04282; -0.14051; -0.0143; -0.18994; -0.47725;
L1Neuron2 = 0.03313; 0.06032; 0.32968; 0.09176; 0.35131; -0.16505; -0.08353; 0.09024; 0.08111;
